version1 <- c("#9b0045",
             "#ff6b91",
             "#d11b58",
             "#8f0035",
             "#a90029",
             "#ff8278",
             "#fd6255",
             "#7d0e00",
             "#dc5431",
             "#f58336",
             "#984500",
             "#ffa24f",
             "#713f00",
             "#cc8200",
             "#ffc071",
             "#795800",
             "#d5a61b",
             "#ffcc4a",
             "#ab9700",
             "#e5d579",
             "#867d00",
             "#d3db7a",
             "#546200",
             "#bfe167",
             "#6e8640",
             "#4a8c00",
             "#386d00",
             "#ade389",
             "#5ead32",
             "#9be872",
             "#0f6600",
             "#4dbc4f",
             "#008229",
             "#88e98f",
             "#006728",
             "#6db47d",
             "#08bd61",
             "#00bc6c",
             "#00794b",
             "#01c883",
             "#00a572",
             "#81e8bb",
             "#00ca93",
             "#41b4ff",
             "#017bbb",
             "#00518f",
             "#038ffa",
             "#0067d0",
             "#8ba3ff",
             "#013d88",
             "#013796",
             "#9398ff",
             "#9187ff",
             "#001f85",
             "#191b66",
             "#7863da",
             "#c3abff",
             "#c598ff",
             "#6538aa",
             "#311855",
             "#cc8bff",
             "#ba76ee",
             "#3c0069",
             "#904abd",
             "#631287",
             "#744581",
             "#f2acff",
             "#ef7ceb",
             "#6f0063",
             "#ff7ddf",
             "#ffa7e6",
             "#9d0482",
             "#84005e",
             "#a60073",
             "#ff5aab",
             "#5f0034",
             "#ff68a3",
             "#ff99ba")

version2 <- c("#720039",
             "#af0054",
             "#cd7789",
             "#f15c84",
             "#3b0716",
             "#d92959",
             "#aa0034",
             "#780022",
             "#ea666c",
             "#53000f",
             "#960018",
             "#5c0600",
             "#b1340b",
             "#511d00",
             "#a13f00",
             "#cd7c4a",
             "#311900",
             "#d1790d",
             "#5f4b00",
             "#a78d49",
             "#a08400",
             "#877100",
             "#2b2700",
             "#1e1c0a",
             "#393b00",
             "#899664",
             "#446500",
             "#335400",
             "#4c8e00",
             "#142f00",
             "#60a041",
             "#6d9c5c",
             "#0a5800",
             "#004e11",
             "#007b22",
             "#54a15a",
             "#6c9b75",
             "#005e3d",
             "#009367",
             "#78978c",
             "#0c1f1a",
             "#00352b",
             "#009e89",
             "#006c73",
             "#00363d",
             "#7895a0",
             "#0193b7",
             "#00546c",
             "#0086c2",
             "#00598a",
             "#002343",
             "#00467d",
             "#4e91ef",
             "#0169c8",
             "#688cf0",
             "#004092",
             "#00276a",
             "#0a1846",
             "#8e8cb9",
             "#2249ba",
             "#8685ef",
             "#9173ed",
             "#948da0",
             "#9f80dc",
             "#6d3fb1",
             "#2e0744",
             "#b27ebd",
             "#c66ed8",
             "#8f32a3",
             "#500052",
             "#8a0079",
             "#6a005b",
             "#d768bf",
             "#261721",
             "#be319a",
             "#e245a1",
             "#a6006f",
             "#b18496",
             "#f6519d",
             "#e73a84")

version3 <- c("#370b1c",
             "#6b0027",
             "#cb7982",
             "#de5b2f",
             "#562300",
             "#da7532",
             "#984700",
             "#745c00",
             "#a3903d",
             "#8e9375",
             "#205200",
             "#3f8d08",
             "#6b9e49",
             "#112600",
             "#009a3f",
             "#004318",
             "#00403f",
             "#259cbd",
             "#01546d",
             "#018ecf",
             "#0168a6",
             "#1f88ff",
             "#003478",
             "#818bd3",
             "#6255ca",
             "#221539",
             "#9c89af",
             "#27064f",
             "#670983",
             "#a00582",
             "#d768b6",
             "#f353a9",
             "#bb0073",
             "#970056")
